time	Satellite	SVclockBias	SVclockDrift	SVclockDriftRate	IODE	Crs	DeltaN	M0	Cuc	Eccentricity	Cus	sqrtA	Toe	Cic	Omega0	Cis	Io	Crc	omega	OmegaDot	IDOT	CodesL2	GPSWeek	L2Pflag	SVacc	health	TGD	IODC	TransTime	FitIntvl
2021-03-19 00:00:00	QZSS01	-0.0003562793135643	-3.4106051316480007e-12	0.0	29.0	-109.84375	1.270410060535e-09	-1.640093694131	-3.721565008163e-06	0.07490576792043	2.367421984673e-06	6492.969064713	432000.0	2.922490239143e-06	-0.5583780286062	-2.350658178329e-06	0.7311275511743	70.65625	-1.572094163346	-7.264588313548e-10	3.057270204718e-10	2.0	2149.0	0.0	2.8	0.0	-5.587935447693e-09	797.0	431976.0	0.0
2021-03-19 01:00:00	QZSS01	-0.0003562918864191	-3.4106051316480007e-12	0.0	33.0	-96.8125	1.685784505406e-09	-1.377540392475	-3.17394733429e-06	0.07490591728128	2.918764948845e-06	6492.965410233	435600.0	2.957880496979e-06	-0.558380960294	5.029141902924e-07	0.7311234023387	56.5625	-1.572074887938	-1.27505311108e-09	-9.571827276455e-11	2.0	2149.0	0.0	2.8	0.0	-5.587935447693e-09	801.0	432006.0	0.0
2021-03-19 02:00:00	QZSS01	-0.0003563039936125	-3.4106051316480007e-12	0.0	37.0	-87.625	2.164018711494e-09	-1.114960983583	-2.771615982056e-06	0.07490587607026	3.118067979813e-06	6492.965978622	439200.0	1.195818185806e-06	-0.5583885235805	1.965090632439e-06	0.7311175228709	59.3125	-1.572078605213	-1.986868475333e-09	-3.057270204718e-10	2.0	2149.0	0.0	2.8	0.0	-5.587935447693e-09	805.0	435606.0	0.0
2021-03-19 03:00:00	QZSS01	-0.0003563156351447	-3.4106051316480007e-12	0.0	41.0	-74.59375	2.650824703203e-09	-0.8523744707609	-2.395361661911e-06	0.07490605907515	3.296881914139e-06	6492.967487335	442800.0	-4.544854164124e-07	-0.5584014499246	1.467764377594e-06	0.7311118262679	62.875	-1.572085890545	-2.738685505816e-09	-2.889406069646e-10	2.0	2149.0	0.0	2.8	0.0	-5.587935447693e-09	809.0	439206.0	0.0
2021-03-19 04:00:00	QZSS01	-0.0003563282079995	-3.4106051316480007e-12	0.0	45.0	-69.59375	3.024054535438e-09	-0.5897958547705	-2.333894371986e-06	0.07490593020339	3.507360816002e-06	6492.96686554	446400.0	-6.61239027977e-07	-0.5584176005402	3.8743019104e-07	0.7311083942621	60.3125	-1.572082818417	-3.304066199048e-09	-9.250385315679e-11	2.0	2149.0	0.0	2.8	0.0	-5.587935447693e-09	813.0	442806.0	0.0
2021-03-19 05:00:00	QZSS01	-0.0003563407808542	-3.4106051316480007e-12	0.0	49.0	-77.625	3.180489623016e-09	-0.3272240106278	-2.587214112282e-06	0.07490489259362	3.434717655182e-06	6492.963445663	450000.0	-3.166496753693e-07	-0.5584326100797	1.303851604462e-07	0.7311076540255	63.59375	-1.572073258247	-3.501931583793e-09	6.643133856047001e-11	2.0	2149.0	0.0	2.8	0.0	-5.587935447693e-09	817.0	446406.0	0.0
2021-03-19 06:00:00	QZSS01	-0.000356353353709	-3.4106051316480007e-12	0.0	53.0	-84.46875	3.218705500575e-09	-0.06464870083217	-2.73622572422e-06	0.07490333844908	3.164634108543e-06	6492.959028244	453600.0	-3.837049007416e-07	-0.5584443968107	2.793967723846e-08	0.7311078837037	76.34375	-1.572068860715	-3.484073697083e-09	1.428630936784e-12	2.0	2149.0	0.0	2.8	0.0	-5.587935447693e-09	821.0	450036.0	0.0
2021-03-19 09:00:00	QZSS01	-0.0003563915379345	-3.4106051316480007e-12	0.0	65.0	-120.5625	2.4836748836e-09	0.7230523194485	-4.293397068977e-06	0.07490661402699	3.384426236153e-06	6492.971269608	464400.0	-1.447275280952e-06	-0.5584921727893	-2.039596438408e-06	0.731113359406	81.59375	-1.572020465922	-2.352955152884e-09	6.107397254753e-10	2.0	2149.0	0.0	2.8	0.0	-5.587935447693e-09	833.0	461376.0	0.0
2021-03-19 10:00:00	QZSS01	-0.0003564041107893	-3.4106051316480007e-12	0.0	69.0	-151.375	2.001154784701e-09	0.9855796601603	-5.299225449562e-06	0.07490906841122	2.587214112282e-06	6492.983036041	468000.0	5.457550287247e-07	-0.558503839561	-2.90758907795e-06	0.7311180070968	104.03125	-1.571969783125	-1.751144370763e-09	4.957349350642e-10	2.0	2149.0	0.0	2.8	0.0	-5.587935447693e-09	837.0	464406.0	0.0
2021-03-19 11:00:00	QZSS01	-0.0003564166836441	-3.4106051316480007e-12	0.0	73.0	-166.0625	1.795431929804e-09	1.248107907881	-5.779787898064e-06	0.07491012336686	1.59814953804e-06	6492.991985321	471600.0	2.313405275345e-06	-0.5585106099459	-1.581385731697e-06	0.7311203214332	135.125	-1.571924814487	-1.541135623056e-09	1.903650723265e-10	2.0	2149.0	0.0	2.8	0.0	-5.587935447693e-09	841.0	468006.0	0.0
2021-03-19 12:00:00	QZSS01	-0.0003564292564988	-3.4106051316480007e-12	0.0	77.0	-166.0625	1.831862018692e-09	1.51065702998	-5.843117833138e-06	0.07491013244726	9.853392839432e-07	6492.996078491	475200.0	2.320855855942e-06	-0.5585162480321	3.930181264877e-07	0.7311199761845	152.6875	-1.571902377712	-1.6147101163e-09	-1.039329006511e-10	2.0	2149.0	0.0	2.8	0.0	-5.587935447693e-09	845.0	471606.0	0.0
2021-03-19 13:00:00	QZSS01	-0.0003564418293536	-3.4106051316480007e-12	0.0	81.0	-170.875	1.958295856597e-09	1.773235899056	-5.923211574554e-06	0.07491021929309	9.387731552124e-07	6492.994762421	478800.0	1.156702637672e-06	-0.5585226102629	1.650303602219e-06	0.7311186829649	147.71875	-1.571909493346	-1.729714906712e-09	-3.350139546759e-10	2.0	2149.0	0.0	2.8	0.0	-5.587935447693e-09	849.0	475206.0	0.0
2021-03-19 14:00:00	QZSS01	-0.0003564544022083	-3.4106051316480007e-12	0.0	85.0	-188.34375	2.1390176701e-09	2.035826841594	-6.221234798431e-06	0.0749108948512	9.983777999878e-07	6492.991268158	482400.0	-4.004687070847e-07	-0.5585299307049	1.8160790205e-06	0.7311168221331	139.5625	-1.571927536977	-1.874363789061e-09	-5.243075537999e-10	2.0	2149.0	0.0	2.8	0.0	-5.587935447693e-09	853.0	478806.0	0.0
2021-03-19 15:00:00	QZSS01	-0.0003564669750631	-3.4106051316480007e-12	0.0	89.0	-202.0625	2.388670926303e-09	2.298409828784	-6.372109055519e-06	0.07491139019839	8.866190910339e-07	6492.98956871	486000.0	-1.508742570877e-06	-0.5585391163675	8.698552846909e-07	0.731114288359	140.1875	-1.571935463067	-2.122588414327e-09	-6.368122400716e-10	2.0	2149.0	0.0	2.8	0.0	-5.587935447693e-09	857.0	482406.0	0.0
2021-03-19 16:00:00	QZSS01	-0.0003564795479178	-3.4106051316480007e-12	0.0	93.0	-194.78125	2.821188942415e-09	2.560976055321	-6.038695573807e-06	0.07491021836177	7.990747690201e-07	6492.993080139	489600.0	-6.295740604401e-07	-0.5585550826555	-3.539025783539e-07	0.7311104218665	139.59375	-1.571921173284	-2.672254167255e-09	-3.621579424748e-10	2.0	2149.0	0.0	2.8	0.0	-5.587935447693e-09	861.0	486006.0	0.0
2021-03-19 17:00:00	QZSS01	-0.0003564916551113	-3.4106051316480007e-12	0.0	97.0	-171.25	2.966194982498e-09	2.823535687023	-5.379319190979e-06	0.0749071239261	1.439824700356e-06	6493.000551224	493200.0	3.799796104431e-07	-0.5585707973215	-2.440065145493e-07	0.7311087658433	113.09375	-1.571901426815	-2.938336679231e-09	-5.50022910662e-11	2.0	2149.0	0.0	2.8	0.0	-5.587935447693e-09	865.0	489606.0	0.0
2021-03-19 18:00:00	QZSS01	-0.0003565042279661	-3.4106051316480007e-12	0.0	101.0	-156.78125	2.88119144176e-09	3.086101429335	-5.019828677177e-06	0.07490304240491	2.592802047729e-06	6493.009401321	496800.0	5.196779966354e-07	-0.558583002447	1.303851604462e-08	0.7311086268661	64.5625	-1.571891919311	-2.965837824764e-09	4.6430505445490005e-11	2.0	2149.0	0.0	2.8	0.0	-5.587935447693e-09	869.0	493206.0	0.0
2021-03-19 19:00:00	QZSS01	-0.0003565163351595	-3.4106051316480007e-12	0.0	105.0	-160.75	2.77654422564e-09	-2.93450899961	-5.103647708893e-06	0.07490005670115	3.410503268242e-06	6493.015733719	500400.0	4.265457391739e-07	-0.5585950422628	2.570450305939e-07	0.7311089545597	26.90625	-1.571893143773	-2.947979938054e-09	1.364342544629e-10	2.0	2149.0	0.0	2.8	0.0	-5.587935447693e-09	873.0	496806.0	0.0
2021-03-19 20:00:00	QZSS01	-0.000356528442353	-3.4106051316480007e-12	0.0	109.0	-163.40625	2.600465462682e-09	-2.671936425471	-5.08688390255e-06	0.07489972480107	3.518536686897e-06	6493.016176224	504000.0	-3.613531589508e-07	-0.5586100444877	5.997717380524e-07	0.7311104116261	19.0625	-1.571890459318	-2.767258124551e-09	4.085884479203e-10	2.0	2149.0	0.0	2.8	0.0	-5.587935447693e-09	877.0	500406.0	0.0
2021-03-19 21:00:00	QZSS01	-0.0003565410152078	-3.4106051316480007e-12	0.0	113.0	-142.34375	2.151518190797e-09	-2.409382594239	-4.429370164871e-06	0.07490215229336	3.384426236153e-06	6493.009441376	507600.0	-1.989305019379e-06	-0.5586286133069	-2.719461917877e-07	0.7311148311016	28.28125	-1.571865497547	-2.151161033063e-09	8.514640383235e-10	2.0	2149.0	0.0	2.8	0.0	-5.587935447693e-09	881.0	504006.0	0.0
2021-03-19 22:00:00	QZSS01	-0.0003565531224012	-3.4106051316480007e-12	0.0	117.0	-98.25	1.580422973818e-09	-2.146852506167	-3.237277269363e-06	0.0749057153007	3.647059202194e-06	6492.998281479	511200.0	-1.933425664902e-06	-0.5586439300592	-2.626329660416e-06	0.7311216161157	28.9375	-1.571817398264	-1.315411935044e-09	1.051829527207e-09	2.0	2149.0	0.0	2.8	0.0	-5.587935447693e-09	885.0	507606.0	0.0
2021-03-19 23:00:00	QZSS01	-0.0003565666265786	-3.4106051316480007e-12	0.0	121.0	-58.6875	1.202907248772e-09	-1.884327504661	-2.194195985794e-06	0.07490825699642	4.353001713753e-06	6492.988248825	514800.0	5.215406417847e-07	-0.5586519409986	-3.73087823391e-06	0.7311275160643	12.40625	-1.571768127183	-7.336019860388e-10	8.707505559701e-10	2.0	2149.0	0.0	2.8	0.0	-5.587935447693e-09	889.0	511206.0	0.0
2021-03-20 00:00:00	QZSS01	-0.0003565791994333	-3.5242919693700004e-12	0.0	125.0	-39.75	1.21719355814e-09	-1.621784576557	-1.596286892891e-06	0.07490913476795	4.969537258148e-06	6492.983013153	518400.0	2.836808562279e-06	-0.5586545552332	-2.043321728706e-06	0.7311290887012	-3.625	-1.571740459013	-7.239587272155e-10	4.621621080497e-10	2.0	2149.0	0.0	2.8	0.0	-5.587935447693e-09	893.0	514806.0	0.0
2021-03-19 00:00:00	QZSS02	3.627967089415e-06	6.821210263296999e-13	0.0	29.0	656.75	7.914615389785e-10	2.378820090925	1.990050077438e-05	0.0746594312368	4.91552054882e-06	6493.62736702	432000.0	-3.986060619354e-06	1.724574884243	1.266598701477e-06	0.74177179871	-27.03125	-1.566794100383	-9.650401977978e-10	-1.171477368163e-09	2.0	2149.0	0.0	2.8	0.0	9.313225746155e-10	797.0	431976.0	0.0
2021-03-19 01:00:00	QZSS02	3.631226718426e-06	6.821210263296999e-13	0.0	33.0	782.65625	1.194692620886e-09	2.641221379301	2.327375113964e-05	0.07464798330329	6.524845957756e-06	6493.657266617	435600.0	-2.387911081314e-06	1.724558300604	-1.091510057449e-06	0.7417663478772	-99.71875	-1.566695669403	-1.841148119781e-09	-8.007476400676e-10	2.0	2149.0	0.0	2.8	0.0	9.313225746155e-10	801.0	432006.0	0.0
2021-03-19 02:00:00	QZSS02	3.634486347437e-06	6.821210263296999e-13	0.0	37.0	825.875	1.543278569461e-09	2.903681351172	2.468004822731e-05	0.07464144716505	8.251518011093e-06	6493.672887802	439200.0	-7.82310962677e-08	1.724538224979	-6.426125764847e-07	0.7417635595553	-158.09375	-1.566657746178	-2.39688555419e-09	-1.135761594744e-10	2.0	2149.0	0.0	2.8	0.0	9.313225746155e-10	805.0	435606.0	0.0
2021-03-19 03:00:00	QZSS02	3.637280315161e-06	6.821210263296999e-13	0.0	41.0	821.6875	1.77471678122e-09	-3.11701285324	2.469308674335e-05	0.07464484020602	7.776543498039e-06	6493.665880203	442800.0	2.644956111908e-07	1.72452734672	-3.445893526077e-07	0.7417635493149	-112.5	-1.566658669279	-2.462602577282e-09	1.85722021782e-11	2.0	2149.0	0.0	2.8	0.0	9.313225746155e-10	809.0	439206.0	0.0
2021-03-19 04:00:00	QZSS02	3.639608621597e-06	6.821210263296999e-13	0.0	45.0	858.5625	2.087229798642e-09	-2.854541630065	2.549961209297e-05	0.07465576962568	5.003064870834e-06	6493.642364502	446400.0	6.891787052155e-08	1.724515808685	1.173466444016e-07	0.7417641359451	20.0	-1.566636134489	-2.424029541989e-09	1.971510692762e-10	2.0	2149.0	0.0	2.8	0.0	9.313225746155e-10	813.0	442806.0	0.0
2021-03-19 05:00:00	QZSS02	3.641936928034e-06	6.821210263296999e-13	0.0	49.0	943.53125	1.978653847446e-09	-2.592098892832	2.762675285339e-05	0.07466682570521	2.609565854073e-06	6493.616470337	450000.0	-1.922249794006e-06	1.7244970965	3.557652235031e-07	0.7417674289737	125.03125	-1.566574911367	-1.915436928494e-09	7.950331163205e-10	2.0	2149.0	0.0	2.8	0.0	9.313225746155e-10	817.0	446406.0	0.0
2021-03-19 06:00:00	QZSS02	3.64426523447e-06	6.821210263296999e-13	0.0	53.0	973.1875	1.504348376434e-09	-2.329625495761	2.87052243948e-05	0.07467012538109	2.27615237236e-06	6493.607629776	453600.0	-2.700835466385e-06	1.724483391884	-1.596286892891e-06	0.7417722361225	141.21875	-1.566545247778	-1.26826711413e-09	1.008256283636e-09	2.0	2149.0	0.0	2.8	0.0	9.313225746155e-10	821.0	450006.0	0.0
2021-03-19 07:00:00	QZSS02	3.647059202194e-06	6.821210263296999e-13	0.0	57.0	873.15625	1.812932658779e-09	-2.067039532996	2.686120569706e-05	0.07466388249304	1.739710569382e-06	6493.628883362	457200.0	-5.215406417847e-08	1.724486907276	-8.735805749893e-07	0.7417679790309	152.125	-1.566644342922	-2.055442760298e-09	2.93226499775e-10	2.0	2149.0	0.0	2.8	0.0	9.313225746155e-10	825.0	453606.0	0.0
2021-03-19 08:00:00	QZSS02	3.648921847343e-06	6.821210263296999e-13	0.0	61.0	725.03125	2.511533186867e-09	-1.804360334073	2.391263842583e-05	0.07465565903112	-8.54954123497e-07	6493.666824341	460800.0	-2.570450305939e-07	1.724487403205	1.851469278336e-06	0.7417573187468	241.84375	-1.566841333619	-3.560862609935e-09	-1.739358165535e-10	2.0	2149.0	0.0	2.8	0.0	9.313225746155e-10	829.0	457206.0	0.0
2021-03-19 09:00:00	QZSS02	3.652181476355e-06	7.958078640512999e-13	0.0	65.0	652.53125	2.50581866312e-09	-1.541726095012	2.234987914562e-05	0.07465239916928	-3.457069396973e-06	6493.693593979	464400.0	-1.54972076416e-06	1.72447517321	1.279637217522e-06	0.7417543753556	341.0625	-1.566988040896	-3.937306861778e-09	-3.464430021702e-11	2.0	2149.0	0.0	2.8	0.0	9.313225746155e-10	833.0	460806.0	0.0
2021-03-19 10:00:00	QZSS02	3.655906766653e-06	7.958078640512999e-13	0.0	69.0	635.90625	1.706142496255e-09	-1.279247700613	2.151913940907e-05	0.07465240790043	-3.34158539772e-06	6493.692041397	468000.0	8.195638656616e-08	1.724463269446	4.656612873077e-07	0.7417631557899	332.84375	-1.566978101831	-2.804402528908e-09	2.6072514596310003e-11	2.0	2149.0	0.0	2.8	0.0	9.313225746155e-10	837.0	464406.0	0.0
2021-03-19 11:00:00	QZSS02	3.658700734377e-06	7.958078640512999e-13	0.0	73.0	570.875	9.828980845076e-10	-1.016906555726	1.929141581059e-05	0.07464964780957	-9.704381227493e-07	6493.664100647	471600.0	8.344650268555e-07	1.724461039958	2.695247530937e-06	0.7417728256785	232.03125	-1.566833994159	-1.405772841796e-09	-4.682337895311e-10	2.0	2149.0	0.0	2.8	0.0	9.313225746155e-10	841.0	468006.0	0.0
2021-03-19 12:00:00	QZSS02	3.661029040813e-06	7.958078640512999e-13	0.0	77.0	445.5625	1.296125417398e-09	-0.7545893880654	1.567415893078e-05	0.07464178139344	1.067295670509e-06	6493.624500275	475200.0	-1.650303602219e-06	1.724456690703	3.021210432053e-06	0.7417717416562	153.75	-1.566660034182	-1.382557589073e-09	-9.486109420248e-10	2.0	2149.0	0.0	2.8	0.0	9.313225746155e-10	845.0	471606.0	0.0
2021-03-19 13:00:00	QZSS02	3.662891685963e-06	7.958078640512999e-13	0.0	81.0	345.28125	2.274737609095e-09	-0.4921967982008	1.263245940208e-05	0.07463300589006	1.287087798119e-06	6493.592071533	478800.0	-1.67079269886e-06	1.724438206733	4.656612873077e-07	0.7417648439974	149.0625	-1.566547054481	-2.502604243512e-09	-5.535944880039e-10	2.0	2149.0	0.0	2.8	0.0	9.313225746155e-10	849.0	475206.0	0.0
2021-03-19 14:00:00	QZSS02	3.665219992399e-06	6.821210263296999e-13	0.0	85.0	325.875	2.631538185557e-09	-0.2297124614289	1.182407140732e-05	0.07463055744302	8.884817361832e-07	6493.584062576	482400.0	-4.209578037262e-07	1.724419961219	5.960464477539e-08	0.741762457978	157.125	-1.566523476631	-3.021554431299e-09	-3.7501562090590006e-11	2.0	2149.0	0.0	2.8	0.0	9.313225746155e-10	853.0	478806.0	0.0
2021-03-19 17:00:00	QZSS02	3.673136234283e-06	6.821210263296999e-13	0.0	97.0	268.46875	1.928651764659e-09	0.5577384364332	9.894371032715e-06	0.07464770344086	4.587695002556e-06	6493.633634567	493200.0	-1.430511474609e-06	1.724380990544	-6.742775440216e-07	0.7417642822369	28.96875	-1.566472533434	-2.503675716715e-09	3.728726745007e-10	2.0	2149.0	0.0	2.8	0.0	9.313225746155e-10	865.0	489936.0	0.0
2021-03-19 18:00:00	QZSS02	3.675930202007e-06	6.821210263296999e-13	0.0	101.0	273.46875	1.780788462702e-09	0.8202360462608	9.750947356224e-06	0.07464758655988	4.535540938377e-06	6493.633071899	496800.0	-6.500631570816e-07	1.724370220541	-1.581385731697e-06	0.7417661518462	28.375	-1.566474900436	-2.212592163345e-09	3.042983895351e-10	2.0	2149.0	0.0	2.8	0.0	9.313225746155e-10	869.0	493206.0	0.0
2021-03-19 19:00:00	QZSS02	3.678258508444e-06	6.821210263296999e-13	0.0	105.0	309.90625	2.096515899731e-09	1.08279399707	1.050531864166e-05	0.07464508328121	5.345791578293e-06	6493.619054794	500400.0	1.247972249985e-07	1.724363382862	-9.834766387939e-07	0.7417649303096	-6.84375	-1.566539216166	-2.432244169875e-09	6.107397254753001e-11	2.0	2149.0	0.0	2.8	0.0	9.313225746155e-10	873.0	496806.0	0.0
2021-03-19 20:00:00	QZSS02	3.68058681488e-06	6.821210263296999e-13	0.0	109.0	328.03125	2.455816580332e-09	1.345384551935	1.091323792934e-05	0.07464359281585	7.007271051407e-06	6493.601156235	504000.0	-1.303851604462e-08	1.72435485405	-5.718320608139e-07	0.7417632377134	-76.09375	-1.566632512304	-2.661896592963e-09	-2.285809498855e-11	2.0	2149.0	0.0	2.8	0.0	9.313225746155e-10	877.0	500406.0	0.0
2021-03-19 21:00:00	QZSS02	3.68244946003e-06	6.821210263296999e-13	0.0	113.0	315.9375	2.529391073577e-09	1.60795620151	1.070648431778e-05	0.07464391947724	8.357688784599e-06	6493.588214874	507600.0	1.378357410431e-07	1.724345517706	-5.569308996201e-07	0.7417638711569	-131.28125	-1.566703965612	-2.56796410887e-09	-2.035799084918e-11	2.0	2149.0	0.0	2.8	0.0	9.313225746155e-10	881.0	504006.0	0.0
2021-03-19 22:00:00	QZSS02	3.685243427753e-06	6.821210263296999e-13	0.0	117.0	317.28125	2.226521314978e-09	1.870466434858	1.088343560696e-05	0.07464413915295	8.642673492432e-06	6493.586454391	511200.0	3.930181264877e-07	1.724338921409	1.359730958939e-07	0.741766887694	-139.75	-1.566714653691	-2.141874931974e-09	-1.203621564241e-10	2.0	2149.0	0.0	2.8	0.0	9.313225746155e-10	885.0	507606.0	0.0
2021-03-19 23:00:00	QZSS02	3.688503056765e-06	6.821210263296999e-13	0.0	121.0	385.40625	1.550778881879e-09	2.132906276976	1.267530024052e-05	0.0746412195731	8.493661880493e-06	6493.598140717	514800.0	-7.58096575737e-07	1.724338274799	1.47707760334e-06	0.741771191599	-128.09375	-1.566659705025	-1.446488823494e-09	-5.257361847366e-10	2.0	2149.0	0.0	2.8	0.0	9.313225746155e-10	889.0	511206.0	0.0
2021-03-20 00:00:00	QZSS02	3.692228347063e-06	6.821210263296999e-13	0.0	125.0	511.71875	1.065401521107e-09	2.395306579345	1.584738492966e-05	0.07463349937461	9.059906005859e-06	6493.621181488	518400.0	-2.90758907795e-06	1.724338369889	8.884817361832e-07	0.7417719874264	-151.90625	-1.566567836696	-1.162905582542e-09	-1.03754321784e-09	2.0	2149.0	0.0	2.8	0.0	9.313225746155e-10	893.0	514806.0	0.0
2021-03-19 00:00:00	QZSS03	-1.936219632626e-06	-5.684341886080999e-13	0.0	29.0	-304.84375	1.656854728936e-09	0.6667378731544	-1.076608896255e-05	0.07446732628159	4.950910806656e-06	6493.211906433	432000.0	-1.898035407066e-06	-2.858360514806	-1.896172761917e-06	0.7128550679949	32.6875	-1.572460192764	-1.687570294077e-09	6.678849629467e-10	2.0	2149.0	0.0	2.8	0.0	0.0	797.0	431976.0	0.0
2021-03-19 01:00:00	QZSS03	-1.937616616488e-06	-5.684341886080999e-13	0.0	33.0	-403.09375	5.310935507496e-10	0.9291469237732	-1.355074346066e-05	0.07447492505889	3.3900141716e-06	6493.245529175	435600.0	2.346932888031e-07	-2.858374313049	-4.129484295845e-06	0.7128633407967	81.5	-1.572321244805	-4.514473760239e-10	7.728893368003e-10	2.0	2149.0	0.0	2.8	0.0	0.0	801.0	432006.0	0.0
2021-03-19 02:00:00	QZSS03	-1.939479261637e-06	-5.684341886080999e-13	0.0	37.0	-479.71875	1.939366496685e-10	1.191514651345	-1.580454409122e-05	0.07447958400007	4.898756742477e-07	6493.27945137	439200.0	2.823770046234e-06	-2.8583760232	-2.395361661911e-06	0.7128648549169	189.03125	-1.572153881125	-3.86087510666e-10	2.710827202548e-10	2.0	2149.0	0.0	2.8	0.0	0.0	805.0	435606.0	0.0
2021-03-19 03:00:00	QZSS03	-1.940876245499e-06	-5.684341886080999e-13	0.0	41.0	-497.15625	6.596703350602e-10	1.453928586647	-1.669675111771e-05	0.07448017050046	-1.898035407066e-06	6493.300876617	442800.0	2.076849341393e-06	-2.858377786017	1.862645149231e-08	0.7128584502615	279.84375	-1.57203643221	-1.27933900389e-09	-1.432202514126e-10	2.0	2149.0	0.0	2.8	0.0	0.0	809.0	439206.0	0.0
2021-03-19 04:00:00	QZSS03	-1.943204551935e-06	-5.684341886080999e-13	0.0	45.0	-519.46875	1.74828710889e-09	1.716468147114	-1.773051917553e-05	0.07448011578526	-2.078711986542e-06	6493.299699783	446400.0	6.146728992462e-08	-2.858387997185	-5.774199962616e-07	0.7128476363711	278.8125	-1.572040456698	-2.672968482723e-09	-1.214336296267e-10	2.0	2149.0	0.0	2.8	0.0	0.0	813.0	442806.0	0.0
2021-03-19 05:00:00	QZSS03	-1.945532858372e-06	-5.684341886080999e-13	0.0	49.0	-624.875	2.471531520637e-09	1.979129856851	-2.034939825535e-05	0.07448451849632	-6.61239027977e-07	6493.275997162	450000.0	5.550682544708e-07	-2.858401994385	-1.806765794754e-06	0.7128432563943	217.34375	-1.572163760211	-3.239063491424e-09	1.367914121971e-10	2.0	2149.0	0.0	2.8	0.0	0.0	817.0	446406.0	0.0
2021-03-19 06:00:00	QZSS03	-1.947395503521e-06	-5.684341886080999e-13	0.0	53.0	-782.1875	2.375098932404e-09	2.241818238511	-2.388283610344e-05	0.07449353730772	2.868473529816e-07	6493.243501663	453600.0	8.009374141693e-07	-2.858406864439	-5.196779966354e-07	0.7128469546512	190.0	-1.572317210077	-2.624752188607e-09	-1.892935991239e-11	2.0	2149.0	0.0	2.8	0.0	0.0	821.0	450006.0	0.0
2021-03-19 07:00:00	QZSS03	-1.94925814867e-06	-5.684341886080999e-13	0.0	57.0	-865.40625	2.197234380774e-09	2.504426224045	-2.568587660789e-05	0.07449954515323	8.381903171539e-08	6493.22611618	457200.0	-4.023313522339e-07	-2.858408222027	9.313225746155e-09	0.7128491709721	208.65625	-1.572387589603	-2.125802833935e-09	-3.982308736286e-10	2.0	2149.0	0.0	2.8	0.0	0.0	825.0	453606.0	0.0
2021-03-19 08:00:00	QZSS03	-1.951586455107e-06	-5.684341886080999e-13	0.0	61.0	-823.78125	2.151875348531e-09	2.766944516608	-2.462230622768e-05	0.07449473347515	1.164153218269e-06	6493.237426758	460800.0	-1.639127731323e-07	-2.858417248232	-2.98023223877e-07	0.7128478089954	163.0	-1.572360559266	-2.226164157244e-09	-3.696582548929e-10	2.0	2149.0	0.0	2.8	0.0	0.0	829.0	457206.0	0.0
2021-03-19 09:00:00	QZSS03	-1.952983438969e-06	-4.547473508865e-13	0.0	65.0	-759.59375	1.841862435249e-09	3.029448298487	-2.310425043106e-05	0.07448090182152	4.833564162254e-06	6493.267702103	464400.0	2.868473529816e-07	-2.858428391279	-1.862645149231e-09	0.7128466620676	1.96875	-1.572320974165	-2.324025376414e-09	-1.982225424788e-10	2.0	2149.0	0.0	2.8	0.0	0.0	833.0	460806.0	0.0
2021-03-19 10:00:00	QZSS03	-1.954846084118e-06	-4.547473508865e-13	0.0	69.0	-761.9375	1.453989135912e-09	-2.991199787432	-2.314895391464e-05	0.07446766388603	8.458271622658e-06	6493.295852661	468000.0	3.166496753693e-07	-2.858437712993	1.713633537292e-07	0.7128461003071	-163.5	-1.572321876786	-2.329382742427e-09	-1.375057276655e-10	2.0	2149.0	0.0	2.8	0.0	0.0	837.0	464406.0	0.0
2021-03-19 11:00:00	QZSS03	-1.957174390554e-06	-4.547473508865e-13	0.0	73.0	-777.53125	1.109689080147e-09	-2.728659529153	-2.336129546165e-05	0.07446443173103	9.25175845623e-06	6493.302436829	471600.0	-8.177012205124e-07	-2.858453165796	8.940696716309e-07	0.712846941485	-207.875	-1.572324381302	-2.077586539819e-09	2.996553389905e-10	2.0	2149.0	0.0	2.8	0.0	0.0	841.0	468006.0	0.0
2021-03-19 12:00:00	QZSS03	-1.959502696991e-06	-4.547473508865e-13	0.0	77.0	-698.09375	4.532331646948e-10	-2.46618444095	-2.11987644434e-05	0.07447291933931	8.074566721916e-06	6493.280544281	475200.0	-3.907829523087e-06	-2.858476471544	-2.384185791016e-07	0.712852673198	-152.8125	-1.572253571678	-1.02397122394e-09	1.120046654439e-09	2.0	2149.0	0.0	2.8	0.0	0.0	845.0	471606.0	0.0
2021-03-19 13:00:00	QZSS03	-1.962762326002e-06	-4.547473508865e-13	0.0	81.0	-523.8125	-1.146476326769e-10	-2.203788401524	-1.683831214905e-05	0.07448571152054	7.627531886101e-06	6493.24313736	478800.0	-3.881752490997e-06	-2.858491106577	-3.963708877563e-06	0.712860709007	-115.625	-1.572104411088	1.67506977338e-10	1.341127291906e-09	2.0	2149.0	0.0	2.8	0.0	0.0	849.0	475206.0	0.0
2021-03-19 14:00:00	QZSS03	-1.966021955013e-06	-5.684341886080999e-13	0.0	85.0	-364.15625	6.107397254753001e-11	-1.941400927484	-1.283548772335e-05	0.07449442788493	8.611008524895e-06	6493.210956573	482400.0	-9.872019290924e-08	-2.858490961748	-4.878267645836e-06	0.7128632939833	-145.09375	-1.571952873255	3.739441477033e-10	8.153911071697e-10	2.0	2149.0	0.0	2.8	0.0	0.0	853.0	478806.0	0.0
2021-03-19 15:00:00	QZSS03	-1.968815922737e-06	-5.684341886080999e-13	0.0	89.0	-273.3125	1.166834317619e-09	-1.678948131226	-1.016072928905e-05	0.07449775340501	9.465962648392e-06	6493.19420433	486000.0	1.851469278336e-06	-2.858485206628	-1.611188054085e-06	0.7128550943274	-181.3125	-1.571868361941	-8.328918361453e-10	1.103617398666e-10	2.0	2149.0	0.0	2.8	0.0	0.0	857.0	482406.0	0.0
2021-03-19 16:00:00	QZSS03	-1.970678567886e-06	-5.684341886080999e-13	0.0	93.0	-300.84375	1.8215044444e-09	-1.416370707514	-1.040101051331e-05	0.07449582673144	8.923932909966e-06	6493.200586319	489600.0	1.11386179924e-06	-2.858488264127	4.023313522339e-07	0.7128475339668	-160.15625	-1.571905025594	-1.807932450501e-09	-1.510777215649e-10	2.0	2149.0	0.0	2.8	0.0	0.0	861.0	486006.0	0.0
2021-03-19 17:00:00	QZSS03	-1.972075551748e-06	-5.684341886080999e-13	0.0	97.0	-263.0	2.559035165515e-09	-1.153714129693	-8.925795555115e-06	0.07449712487869	6.994232535362e-06	6493.221084595	493200.0	-6.724148988724e-07	-2.85849949056	8.381903171539e-08	0.7128377280269	-77.34375	-1.572015001923	-3.096914713214e-09	-3.571577341961e-11	2.0	2149.0	0.0	2.8	0.0	0.0	865.0	489606.0	0.0
2021-03-19 18:00:00	QZSS03	-1.97347253561e-06	-5.684341886080999e-13	0.0	101.0	-210.90625	2.582607575972e-09	-0.8910733630908	-7.428228855133e-06	0.0745000456227	5.574896931648e-06	6493.240812302	496800.0	-3.483146429062e-07	-2.858512814818	-5.997717380524e-07	0.712835780883	-18.8125	-1.572110457328	-3.390498370723e-09	1.557207721095e-10	2.0	2149.0	0.0	2.8	0.0	0.0	869.0	493206.0	0.0
2021-03-19 19:00:00	QZSS03	-1.975335180759e-06	-5.684341886080999e-13	0.0	105.0	-174.0625	2.301881596894e-09	-0.6284853697955	-6.426125764847e-06	0.07450278231408	5.161389708519e-06	6493.25252533	500400.0	-2.421438694e-08	-2.858522334026	-1.061707735062e-07	0.7128374456837	-4.4375	-1.57215755305	-3.131201855697e-09	1.117903708034e-10	2.0	2149.0	0.0	2.8	0.0	0.0	873.0	496806.0	0.0
2021-03-19 20:00:00	QZSS03	-1.976732164621e-06	-5.684341886080999e-13	0.0	109.0	-185.03125	2.20116311585e-09	-0.365951399139	-6.705522537231e-06	0.07450174819678	4.922971129417e-06	6493.249507904	504000.0	-3.762543201447e-07	-2.858530548311	6.146728992462e-08	0.7128383980434	3.0	-1.572151904723	-2.941908256573e-09	-6.000249934494e-11	2.0	2149.0	0.0	2.8	0.0	0.0	877.0	500406.0	0.0
2021-03-19 21:00:00	QZSS03	-1.978594809771e-06	-5.684341886080999e-13	0.0	113.0	-212.5625	2.34152610539e-09	-0.1034285642149	-7.465481758118e-06	0.07449618785176	3.673136234283e-06	6493.233678818	507600.0	-3.278255462646e-07	-2.858541268575	9.313225746155e-09	0.7128382283449	47.1875	-1.572131719379	-2.960123301017e-09	-6.071681481333001e-11	2.0	2149.0	0.0	2.8	0.0	0.0	881.0	504006.0	0.0
2021-03-19 23:00:00	QZSS03	-1.981854438782e-06	-5.684341886080999e-13	0.0	121.0	-183.96875	2.571892843946e-09	0.4216861275713	-6.739050149918e-06	0.07448500976898	1.046806573868e-06	6493.202367783	514800.0	-4.582107067108e-07	-2.858562827599	-1.210719347e-07	0.7128376929169	142.28125	-1.572152757604	-2.90762111409e-09	-5.535944880039e-11	2.0	2149.0	0.0	2.8	0.0	0.0	889.0	511686.0	0.0
2021-03-20 00:00:00	QZSS03	-1.982785761356e-06	-5.684341886080999e-13	0.0	125.0	-192.8125	1.944009547229e-09	0.6842191517198	-7.139518857002e-06	0.07448641234078	7.655471563339e-07	6493.207920074	518400.0	-1.430511474609e-06	-2.858582492143	-1.553446054459e-06	0.7128420611903	148.25	-1.572130587081	-2.02151277555e-09	5.021637742797e-10	2.0	2149.0	0.0	2.8	0.0	0.0	893.0	514806.0	0.0
2021-03-19 00:00:00	QZSS07	-1.536682248116e-08	0.0	0.0	29.0	-292.84375	0.0	-1.031819346595	-9.713694453239e-06	0.0001331978710368	6.536021828651e-06	6493.424846649	432000.0	-1.158565282822e-06	0.3840974291425	-4.936009645462e-07	0.001255025716859	-196.1875	2.951129405014	1.158619689732e-09	0.0	2.0	2149.0	0.0	2.8	0.0	-6.053596735001e-09	797.0	431976.0	0.0
2021-03-19 01:00:00	QZSS07	-1.583248376846e-08	0.0	0.0	33.0	-299.3125	0.0	-0.7659752253484	-9.922310709953e-06	0.0001336464192718	6.614252924919e-06	6493.426372528	435600.0	-8.177012205124e-07	0.3837074941802	-5.662441253662e-07	0.001255422167658	-198.40625	2.948191874288	1.150047904111e-09	0.0	2.0	2149.0	0.0	2.8	0.0	-6.053596735001e-09	801.0	432006.0	0.0
2021-03-19 02:00:00	QZSS07	-1.490116119385e-08	0.0	0.0	37.0	-337.375	0.0	-0.488059946753	-1.112557947636e-05	0.0001365961506963	6.688758730888e-06	6493.43516922	439200.0	-9.555369615555e-07	0.383817268627	-7.115304470062e-07	0.001255144213223	-200.71875	2.932682691217	1.095045613045e-09	0.0	2.0	2149.0	0.0	2.8	0.0	-6.053596735001e-09	805.0	435606.0	0.0
2021-03-19 03:00:00	QZSS07	-1.396983861923e-08	0.0	0.0	41.0	-385.5	0.0	-0.2130738938972	-1.263804733753e-05	0.0001413318095729	5.980953574181e-06	6493.447450638	442800.0	-1.026317477226e-06	0.3839983515527	-1.518055796623e-06	0.001254096763878	-178.1875	2.920029839604	1.016470911522e-09	0.0	2.0	2149.0	0.0	2.8	0.0	-5.587935447693e-09	809.0	439206.0	0.0
2021-03-19 04:00:00	QZSS07	-1.303851604462e-08	0.0	0.0	45.0	-409.125	0.0	0.05193093808059	-1.338496804237e-05	0.0001450933050364	4.960224032402e-06	6493.45665741	446400.0	-1.136213541031e-07	0.3840500964281	-2.637505531311e-06	0.001252518275271	-146.0625	2.91748593332	9.593256740507e-10	0.0	2.0	2149.0	0.0	2.8	0.0	-5.587935447693e-09	813.0	442806.0	0.0
2021-03-19 05:00:00	QZSS07	-1.350417733192e-08	0.0	0.0	49.0	-411.15625	0.0	0.3144172571065	-1.34501606226e-05	0.0001455135643482	4.781410098076e-06	6493.457643509	450000.0	1.925975084305e-06	0.3840526594605	-2.85916030407e-06	0.001250519929175	-141.875	2.917508983057	9.593256740507e-10	0.0	2.0	2149.0	0.0	2.8	0.0	-5.587935447693e-09	817.0	446406.0	0.0
2021-03-19 06:00:00	QZSS07	-1.396983861923e-08	0.0	0.0	53.0	-424.8125	0.0	0.5856746375281	-1.384131610394e-05	0.0001429885160178	5.543231964111e-06	6493.45075798	453600.0	3.935769200325e-06	0.3840246343389	-1.253560185432e-06	0.001247836937417	-168.4375	2.908792064259	1.015399438319e-09	0.0	2.0	2149.0	0.0	2.8	0.0	-5.587935447693e-09	821.0	450006.0	0.0
2021-03-19 07:00:00	QZSS07	-1.396983861923e-08	0.0	0.0	57.0	-455.40625	0.0	0.8645974424339	-1.472234725952e-05	0.0001403127098456	6.157904863358e-06	6493.442138672	457200.0	4.265457391739e-06	0.3835792796509	1.681968569756e-06	0.001244166475956	-189.875	2.892828305728	1.085045196488e-09	0.0	2.0	2149.0	0.0	2.8	0.0	-5.587935447693e-09	825.0	453606.0	0.0
2021-03-19 08:00:00	QZSS07	-1.350417733192e-08	0.0	0.0	61.0	-465.21875	0.0	1.13211854471	-1.497380435467e-05	0.0001397537998855	6.185844540596e-06	6493.439983368	460800.0	2.285465598106e-06	0.3820400733197	4.153698682785e-06	0.001239787962145	-191.15625	2.88936098946	1.107188976008e-09	0.0	2.0	2149.0	0.0	2.8	0.0	-5.587935447693e-09	829.0	457206.0	0.0
2021-03-19 09:00:00	QZSS07	-1.303851604462e-08	0.0	0.0	65.0	-439.15625	0.0	1.374382303442	-1.415424048901e-05	0.0001405961811543	6.575137376785e-06	6493.447198868	464400.0	-8.773058652878e-07	0.3790110516973	4.487112164497e-06	0.001235763474509	-203.84375	2.91264048239	1.061115628297e-09	0.0	2.0	2149.0	0.0	2.8	0.0	-5.587935447693e-09	833.0	460806.0	0.0
2021-03-19 10:00:00	QZSS07	-1.257285475731e-08	0.0	0.0	69.0	-414.59375	0.0	1.604260057059	-1.339241862297e-05	0.0001409479882568	7.724389433861e-06	6493.458415985	468000.0	-3.185123205185e-06	0.3749026964307	2.594664692879e-06	0.001233368677613	-241.25	2.949383895049	9.857553463812e-10	0.0	2.0	2149.0	0.0	2.8	0.0	-5.587935447693e-09	837.0	464406.0	0.0
2021-03-19 11:00:00	QZSS07	-1.257285475731e-08	0.0	0.0	73.0	-414.15625	0.0	1.84687333179	-1.337938010693e-05	0.0001405588118359	8.54954123497e-06	6493.46529007	471600.0	-3.417953848839e-06	0.3708307985455	1.676380634308e-08	0.001233147776983	-267.65625	2.973353921886	9.414677873409e-10	0.0	2.0	2149.0	0.0	2.8	0.0	-5.587935447693e-09	841.0	468006.0	0.0
2021-03-19 12:00:00	QZSS07	-1.257285475731e-08	1.1368683772160001e-13	0.0	77.0	-411.1875	0.0	2.113259578292	-1.329928636551e-05	0.0001408804673702	8.327886462212e-06	6493.463764191	475200.0	-2.102926373482e-06	0.3678747443511	-1.536682248116e-06	0.001234493661616	-260.125	2.972434697311	9.543254657719e-10	0.0	2.0	2149.0	0.0	2.8	0.0	-5.587935447693e-09	845.0	471606.0	0.0
2021-03-19 13:00:00	QZSS07	-1.210719347e-08	1.1368683772160001e-13	0.0	81.0	-375.5	0.0	2.397660989461	-1.22282654047e-05	0.0001434562727809	7.623806595802e-06	6493.45394516	478800.0	-7.152557373047e-07	0.3663805607867	-1.654028892517e-06	0.00123615846239	-236.71875	2.952039363466	1.025757012611e-09	0.0	2.0	2149.0	0.0	2.8	0.0	-5.587935447693e-09	849.0	475206.0	0.0
2021-03-19 14:00:00	QZSS07	-1.257285475731e-08	1.1368683772160001e-13	0.0	85.0	-327.9375	0.0	2.677964007836	-1.07791274786e-05	0.0001471708528697	7.553026080132e-06	6493.442932129	482400.0	-1.508742570877e-07	0.3659397981986	-1.192092895508e-06	0.001237173727537	-234.4375	2.934690591631	1.102545925463e-09	0.0	2.0	2149.0	0.0	2.8	0.0	-5.587935447693e-09	853.0	478806.0	0.0
2021-03-19 15:00:00	QZSS07	-1.396983861923e-08	0.0	0.0	89.0	-279.375	0.0	2.953345976063	-9.458512067795e-06	0.0001515179174021	8.009374141693e-06	6493.431419373	486000.0	-1.136213541031e-07	0.3659138065331	-1.110136508942e-06	0.001237292223902	-250.21875	2.921850400191	1.204693037443e-09	0.0	2.0	2149.0	0.0	2.8	0.0	-5.587935447693e-09	857.0	482406.0	0.0
2021-03-19 16:00:00	QZSS07	-1.396983861923e-08	0.0	0.0	93.0	-327.375	0.0	-3.074854636564	-1.063197851181e-05	0.0001453565200791	6.811693310738e-06	6493.446540833	489600.0	2.402812242508e-07	0.3659289126252	-1.454725861549e-06	0.001236765573393	-202.3125	2.92936430001	1.045043530258e-09	0.0	2.0	2149.0	0.0	2.8	0.0	-5.587935447693e-09	861.0	486006.0	0.0
2021-03-19 17:00:00	QZSS07	-1.350417733192e-08	0.0	0.0	97.0	-308.1875	0.0	-2.809595533331	-1.017190515995e-05	0.0001477281330153	7.094815373421e-06	6493.44112587	493200.0	1.231208443642e-06	0.3659339143421	-1.473352313042e-06	0.001235802973297	-225.6875	2.926615593972	1.145404853567e-09	0.0	2.0	2149.0	0.0	2.8	0.0	-5.587935447693e-09	865.0	489606.0	0.0
2021-03-19 18:00:00	QZSS07	-1.303851604462e-08	0.0	0.0	101.0	-281.21875	0.0	-2.529592405849	-9.344890713692e-06	0.0001424517249689	5.431473255157e-06	6493.455396652	496800.0	2.237036824226e-06	0.3659120320134	-5.234032869339e-07	0.001234332740627	-169.96875	2.909147705496	1.041471952916e-09	0.0	2.0	2149.0	0.0	2.8	0.0	-5.587935447693e-09	869.0	493206.0	0.0
2021-03-19 19:00:00	QZSS07	-1.303851604462e-08	0.0	0.0	105.0	-245.78125	0.0	-2.247973638954	-8.212402462959e-06	0.0001395380822942	4.714354872704e-06	6493.465063095	500400.0	2.289190888405e-06	0.365616548894	1.141801476479e-06	0.001232224675675	-147.53125	2.89033622478	9.832552422418e-10	0.0	2.0	2149.0	0.0	2.8	0.0	-5.587935447693e-09	873.0	496806.0	0.0
2021-03-19 20:00:00	QZSS07	-1.257285475731e-08	0.0	0.0	109.0	-226.1875	0.0	-1.973990169208	-7.575377821922e-06	0.0001385356299579	4.656612873077e-06	6493.469655991	504000.0	1.030042767525e-06	0.3646325009558	2.481043338776e-06	0.001229670420709	-145.8125	2.87984756297	9.568255699113e-10	0.0	2.0	2149.0	0.0	2.8	0.0	-5.587935447693e-09	877.0	500406.0	0.0
2021-03-19 21:00:00	QZSS07	-1.257285475731e-08	0.0	0.0	113.0	-233.375	0.0	-1.716860153568	-7.797032594681e-06	0.0001387021038681	4.48152422905e-06	6493.467803955	507600.0	-8.605420589447e-07	0.362720667446	2.536922693253e-06	0.001227322437192	-140.28125	2.887139956511	9.693260906082e-10	0.0	2.0	2149.0	0.0	2.8	0.0	-5.587935447693e-09	881.0	504006.0	0.0
2021-03-19 22:00:00	QZSS07	-1.164153218269e-08	0.0	0.0	117.0	-251.09375	0.0	-1.477800678433	-8.352100849152e-06	0.0001387604279444	3.499910235405e-06	6493.459896088	511200.0	-2.183020114899e-06	0.360124261421	1.277774572372e-06	0.001225954608787	-109.21875	2.913188176975	1.01968533113e-09	0.0	2.0	2149.0	0.0	2.8	0.0	-5.587935447693e-09	885.0	507606.0	0.0
2021-03-19 23:00:00	QZSS07	-1.210719347e-08	0.0	0.0	121.0	-251.84375	0.0	-1.246883179198	-8.374452590942e-06	0.000137837138027	1.965090632439e-06	6493.449028015	514800.0	-2.216547727585e-06	0.3575325177159	-3.501772880554e-07	0.001225925350426	-60.6875	2.947375115421	1.087902458361e-09	0.0	2.0	2149.0	0.0	2.8	0.0	-5.587935447693e-09	889.0	511206.0	0.0
2021-03-20 00:00:00	QZSS07	-1.164153218269e-08	0.0	0.0	125.0	-230.4375	0.0	-1.012444856004	-7.700175046921e-06	0.0001360677415505	7.059425115585e-07	6493.438735962	518400.0	-1.313164830208e-06	0.3556557079278	-1.288950443268e-06	0.001226857229242	-20.5625	2.977327868628	1.153976639188e-09	0.0	2.0	2149.0	0.0	2.8	0.0	-5.587935447693e-09	893.0	514806.0	0.0
